147 159 0 8 1.000
113 116 0 8 1.000
 77 161 0 8 1.000
 28  32 0 8 1.000
363 366 0 8 1.000
359 400 0 8 1.000
181 242 0 8 1.000
 17  48 0 8 1.000
  7  10 0 8 1.000
109 142 0 8 1.000
103 141 0 8 1.000
240 294 0 8 1.000
174 179 0 8 1.000
 58  79 0 8 1.000
 84 105 0 8 1.000
370 389 0 8 1.000
426 429 0 8 1.000
353 382 0 8 1.000
125 129 0 8 1.000
247 258 0 8 1.000
425 428 0 8 1.000
109 123 0 8 1.000
 30  65 0 8 1.000
231 263 0 8 1.000
137 141 0 8 1.000
349 385 0 8 1.000
 60  66 0 8 1.000
137 140 0 8 1.000
343 384 0 8 1.000
 59 123 0 8 1.000
105 109 0 8 1.000
136 148 0 8 1.000
106 142 0 8 1.000
177 242 0 8 1.000
375 380 0 8 1.000
160 164 0 8 1.000
184 238 0 8 1.000
365 380 0 8 1.000
291 320 0 8 1.000
 54 119 0 8 1.000
181 184 0 8 1.000
110 115 0 8 1.000
 70  81 0 8 1.000
365 375 0 8 1.000
359 399 0 8 1.000
135 148 0 8 1.000
362 365 0 8 1.000
186 190 0 8 1.000
252 301 0 8 1.000
306 415 0 8 1.000
148 396 0 8 1.000
168 371 0 8 1.000
425 429 0 8 0.999
106 141 0 8 0.999
 65  69 0 8 0.999
 77 160 0 8 0.999
 45 117 0 8 0.999
285 327 0 8 0.999
 52  78 0 8 0.999
158 162 0 8 0.999
343 387 0 8 0.999
288 323 0 8 0.999
172 371 0 8 0.999
 73 153 0 8 0.999
 60  70 0 8 0.999
152 173 0 8 0.999
203 218 0 8 0.999
 94 129 0 8 0.998
103 106 0 8 0.998
346 386 0 8 0.998
384 387 0 8 0.998
360 380 0 8 0.998
148 363 0 8 0.998
317 419 0 8 0.998
303 389 0 8 0.998
295 320 0 8 0.998
418 425 0 8 0.998
173 179 0 8 0.998
362 375 0 8 0.998
 53 119 0 8 0.998
283 287 0 8 0.998
105 129 0 8 0.998
106 138 0 8 0.998
311 348 0 8 0.998
 77 156 0 8 0.997
 58  70 0 8 0.997
 58  73 0 8 0.997
166 171 0 8 0.997
295 313 0 8 0.997
 69  73 0 8 0.997
122 145 0 8 0.997
353 373 0 8 0.997
418 423 0 8 0.997
 15  67 0 8 0.996
195 229 0 8 0.996
 26  39 0 8 0.996
 77 157 0 8 0.996
125 133 0 8 0.996
235 259 0 8 0.995
 50  78 0 8 0.995
 60 125 0 8 0.995
348 386 0 8 0.995
 66  70 0 8 0.995
422 425 0 8 0.995
105 131 0 8 0.995
136 363 0 8 0.995
325 329 0 8 0.995
376 381 0 8 0.995
 56 164 0 8 0.994
347 386 0 8 0.993
352 404 0 8 0.993
105 125 0 8 0.992
 19  72 0 8 0.991
353 380 0 8 0.991
249 254 0 8 0.991
 25  28 0 8 0.991
 35  38 0 8 0.990
101 105 0 8 0.990
159 366 0 8 0.990
122 147 0 8 0.990
306 310 0 8 0.989
421 424 0 8 0.989
424 427 0 8 0.988
110 141 0 8 0.988
257 323 0 8 0.988
 39  64 0 8 0.988
183 297 0 8 0.987
 32  35 0 8 0.987
421 428 0 8 0.984
104 108 0 8 0.984
421 425 0 8 0.983
 24  28 0 8 0.983
101 129 0 8 0.982
105 133 0 8 0.981
206 225 0 8 0.980
417 421 0 8 0.979
131 396 0 8 0.979
158 167 0 8 0.978
 19  23 0 8 0.978
259 290 0 8 0.978
251 316 0 8 0.977
235 263 0 8 0.977
418 428 0 8 0.977
240 259 0 8 0.976
139 363 0 8 0.976
360 375 0 8 0.976
343 346 0 8 0.975
 64  68 0 8 0.974
138 146 0 8 0.972
292 417 0 8 0.971
 10  13 0 8 0.971
 30  35 0 8 0.971
184 242 0 8 0.971
210 213 0 8 0.970
122 164 0 8 0.969
423 428 0 8 0.969
151 173 0 8 0.969
191 233 0 8 0.968
135 363 0 8 0.968
127 150 0 8 0.967
360 379 0 8 0.967
107 111 0 8 0.967
 29  35 0 8 0.967
306 406 0 8 0.967
423 427 0 8 0.965
168 172 0 8 0.964
421 426 0 8 0.963
264 287 0 8 0.961
110 142 0 8 0.961
134 148 0 8 0.960
373 403 0 8 0.959
 31  36 0 8 0.959
176 179 0 8 0.959
424 428 0 8 0.959
 27  65 0 8 0.956
240 247 0 8 0.955
424 429 0 8 0.953
396 407 0 8 0.953
169 174 0 8 0.952
 32  65 0 8 0.951
 69  72 0 8 0.951
309 313 0 8 0.950
203 222 0 8 0.949
 66  83 0 8 0.946
407 419 0 8 0.945
360 376 0 8 0.945
249 258 0 8 0.943
374 381 0 8 0.939
417 426 0 8 0.938
 58 160 0 8 0.937
128 151 0 8 0.937
  7  12 0 8 0.934
322 326 0 8 0.934
190 300 0 8 0.934
 56 122 0 8 0.934
414 418 0 8 0.933
 84 129 0 8 0.932
121 144 0 8 0.932
210 214 0 8 0.931
159 166 0 8 0.930
 21  25 0 8 0.930
 27  30 0 8 0.930
264 286 0 8 0.928
374 383 0 8 0.927
418 421 0 8 0.926
349 389 0 8 0.926
375 379 0 8 0.926
102 129 0 8 0.925
235 239 0 8 0.925
228 233 0 8 0.923
 10  14 0 8 0.922
239 263 0 8 0.919
 32 189 0 8 0.919
422 428 0 8 0.918
 58 156 0 8 0.917
281 327 0 8 0.915
 33 186 0 8 0.912
127 149 0 8 0.910
240 290 0 8 0.908
237 293 0 8 0.908
303 370 0 8 0.908
179 182 0 8 0.907
136 396 0 8 0.905
139 145 0 8 0.904
313 348 0 8 0.904
134 396 0 8 0.901
 37  40 0 8 0.900
 73 154 0 8 0.899
354 357 0 8 0.899
309 318 0 8 0.897
414 421 0 8 0.897
112 123 0 8 0.895
353 375 0 8 0.894
137 396 0 8 0.892
 32 188 0 8 0.890
129 148 0 8 0.889
311 345 0 8 0.889
 15  81 0 8 0.888
 60  84 0 8 0.887
148 399 0 8 0.886
 52  55 0 8 0.885
288 324 0 8 0.882
181 238 0 8 0.882
253 291 0 8 0.882
 85 127 0 8 0.879
158 161 0 8 0.879
235 290 0 8 0.879
313 316 0 8 0.879
 70 153 0 8 0.876
252 303 0 8 0.876
233 237 0 8 0.873
172 370 0 8 0.872
341 387 0 8 0.871
188 234 0 8 0.871
310 415 0 8 0.868
 26  64 0 8 0.865
 14  50 0 8 0.865
282 286 0 8 0.864
352 385 0 8 0.863
 23  26 0 8 0.862
418 424 0 8 0.861
416 420 0 8 0.861
287 291 0 8 0.860
 89 389 0 8 0.860
420 423 0 8 0.859
413 417 0 8 0.857
253 316 0 8 0.857
 27  39 0 8 0.857
 29  32 0 8 0.855
 66  81 0 8 0.855
 30  34 0 8 0.854
285 324 0 8 0.853
380 403 0 8 0.851
305 313 0 8 0.851
 85 150 0 8 0.851
195 233 0 8 0.851
139 142 0 8 0.846
292 300 0 8 0.846
 28  65 0 8 0.842
370 373 0 8 0.842
309 348 0 8 0.842
422 427 0 8 0.841
163 362 0 8 0.838
 66 153 0 8 0.837
278 334 0 8 0.837
123 142 0 8 0.836
 59 125 0 8 0.836
124 164 0 8 0.836
 14  47 0 8 0.834
168 374 0 8 0.834
207 214 0 8 0.833
153 156 0 8 0.833
 68  71 0 8 0.832
357 400 0 8 0.829
 58  66 0 8 0.828
102 106 0 8 0.824
 39  65 0 8 0.823
406 416 0 8 0.820
 60  65 0 8 0.819
254 258 0 8 0.816
 47  51 0 8 0.815
382 386 0 8 0.814
389 409 0 8 0.813
303 342 0 8 0.813
277 333 0 8 0.812
295 301 0 8 0.812
423 426 0 8 0.811
130 373 0 8 0.810
383 387 0 8 0.809
  7  14 0 8 0.806
211 214 0 8 0.804
134 137 0 8 0.803
 99 129 0 8 0.802
106 134 0 8 0.802
 61  66 0 8 0.802
247 294 0 8 0.801
162 167 0 8 0.800
 55 133 0 8 0.799
365 371 0 8 0.799
 82 105 0 8 0.798
 13  19 0 8 0.797
313 317 0 8 0.797
313 320 0 8 0.796
373 404 0 8 0.793
 57 114 0 8 0.793
225 282 0 8 0.792
197 200 0 8 0.791
 26  30 0 8 0.791
 58  77 0 8 0.789
268 283 0 8 0.789
418 422 0 8 0.787
 18  75 0 8 0.786
 58  89 0 8 0.786
416 419 0 8 0.785
317 321 0 8 0.785
373 380 0 8 0.784
 30  89 0 8 0.784
257 287 0 8 0.783
422 426 0 8 0.779
306 317 0 8 0.778
292 320 0 8 0.773
 45  49 0 8 0.772
292 313 0 8 0.767
 89  94 0 8 0.764
247 254 0 8 0.762
310 315 0 8 0.760
320 331 0 8 0.760
 25  29 0 8 0.759
 41  89 0 8 0.758
108 111 0 8 0.758
188 238 0 8 0.756
 84 104 0 8 0.755
257 286 0 8 0.754
194 292 0 8 0.753
281 331 0 8 0.752
191 293 0 8 0.751
131 144 0 8 0.751
 66  79 0 8 0.751
191 414 0 8 0.748
362 400 0 8 0.746
109 114 0 8 0.744
282 331 0 8 0.744
421 427 0 8 0.737
295 306 0 8 0.734
184 237 0 8 0.731
 10  41 0 8 0.731
363 373 0 8 0.724
284 323 0 8 0.724
292 317 0 8 0.722
310 419 0 8 0.719
179 342 0 8 0.717
 27  32 0 8 0.716
 14  60 0 8 0.716
306 419 0 8 0.716
127 414 0 8 0.712
235 310 0 8 0.711
 24  27 0 8 0.711
349 352 0 8 0.709
101 146 0 8 0.708
125 131 0 8 0.708
 19 142 0 8 0.707
 25  34 0 8 0.707
329 333 0 8 0.706
 65 186 0 8 0.706
326 329 0 8 0.704
 19  69 0 8 0.704
222 228 0 8 0.704
 19  27 0 8 0.704
232 290 0 8 0.703
 48  73 0 8 0.702
 15  41 0 8 0.701
350 409 0 8 0.700
187 293 0 8 0.699
102 148 0 8 0.698
183 287 0 8 0.697
198 229 0 8 0.697
359 371 0 8 0.693
  7  15 0 8 0.693
371 383 0 8 0.692
 24  72 0 8 0.692
311 318 0 8 0.691
259 294 0 8 0.691
232 287 0 8 0.689
414 425 0 8 0.688
173 214 0 8 0.687
 26  63 0 8 0.683
 77 162 0 8 0.683
253 295 0 8 0.683
 45 168 0 8 0.680
292 416 0 8 0.678
131 414 0 8 0.678
357 401 0 8 0.677
187 300 0 8 0.673
395 403 0 8 0.672
232 236 0 8 0.672
187 301 0 8 0.671
307 348 0 8 0.671
418 427 0 8 0.667
 48 153 0 8 0.666
306 421 0 8 0.665
 33  36 0 8 0.663
 35 327 0 8 0.659
166 309 0 8 0.657
106 144 0 8 0.656
197 201 0 8 0.654
176 181 0 8 0.653
359 401 0 8 0.653
184 188 0 8 0.652
102 105 0 8 0.652
 19  65 0 8 0.651
310 406 0 8 0.648
201 239 0 8 0.648
263 267 0 8 0.647
 70 129 0 8 0.646
 16  48 0 8 0.645
258 294 0 8 0.645
 21  24 0 8 0.643
195 199 0 8 0.641
 66 156 0 8 0.639
156 349 0 8 0.638
239 356 0 8 0.637
396 401 0 8 0.637
 19  24 0 8 0.636
 67  70 0 8 0.635
280 330 0 8 0.633
147 366 0 8 0.632
116 200 0 8 0.632
276 280 0 8 0.631
186 300 0 8 0.628
190 193 0 8 0.626
 82 112 0 8 0.626
278 331 0 8 0.625
237 300 0 8 0.625
 10  15 0 8 0.625
294 303 0 8 0.625
389 407 0 8 0.623
307 350 0 8 0.621
131 310 0 8 0.621
353 359 0 8 0.619
131 415 0 8 0.617
152 155 0 8 0.616
292 413 0 8 0.616
251 295 0 8 0.616
 60 162 0 8 0.613
239 259 0 8 0.612
 30  33 0 8 0.612
118 144 0 8 0.611
133 148 0 8 0.610
173 370 0 8 0.608
363 396 0 8 0.607
317 322 0 8 0.605
 55  78 0 8 0.604
315 319 0 8 0.604
320 327 0 8 0.601
 85 149 0 8 0.601
284 326 0 8 0.599
 65 142 0 8 0.599
 84 108 0 8 0.598
282 310 0 8 0.597
 79 123 0 8 0.595
194 197 0 8 0.594
194 233 0 8 0.593
207 320 0 8 0.593
229 253 0 8 0.592
227 263 0 8 0.590
 16  20 0 8 0.590
304 308 0 8 0.590
 67 127 0 8 0.590
311 386 0 8 0.590
277 330 0 8 0.588
313 318 0 8 0.587
187 296 0 8 0.587
247 259 0 8 0.586
319 322 0 8 0.583
292 296 0 8 0.582
127 418 0 8 0.582
287 294 0 8 0.582
284 288 0 8 0.582
112 142 0 8 0.581
413 416 0 8 0.581
 30 186 0 8 0.581
 15  48 0 8 0.580
157 162 0 8 0.580
131 375 0 8 0.580
174 302 0 8 0.580
262 265 0 8 0.579
 61  67 0 8 0.579
 66  69 0 8 0.579
148 407 0 8 0.578
294 413 0 8 0.577
121 134 0 8 0.577
247 267 0 8 0.575
 58  74 0 8 0.573
207 212 0 8 0.573
395 401 0 8 0.572
127 173 0 8 0.571
 60 129 0 8 0.571
291 316 0 8 0.569
 63 303 0 8 0.565
384 403 0 8 0.565
209 214 0 8 0.562
157 161 0 8 0.562
 74  77 0 8 0.559
417 423 0 8 0.559
150 173 0 8 0.558
201 403 0 8 0.557
 28  34 0 8 0.556
 27  69 0 8 0.556
131 389 0 8 0.555
414 417 0 8 0.555
123 165 0 8 0.555
 85 151 0 8 0.555
 73 295 0 8 0.554
177 184 0 8 0.554
212 310 0 8 0.553
150 414 0 8 0.551
206 331 0 8 0.551
 79 350 0 8 0.550
 37  66 0 8 0.550
422 429 0 8 0.550
262 266 0 8 0.548
265 283 0 8 0.547
 66 160 0 8 0.543
349 386 0 8 0.543
 70 131 0 8 0.543
199 202 0 8 0.543
360 378 0 8 0.542
102 146 0 8 0.542
355 403 0 8 0.539
117 174 0 8 0.539
274 285 0 8 0.538
262 289 0 8 0.537
279 283 0 8 0.537
167 170 0 8 0.536
  7  47 0 8 0.536
 59  62 0 8 0.535
200 204 0 8 0.535
407 414 0 8 0.534
254 319 0 8 0.534
282 315 0 8 0.534
 94 158 0 8 0.532
 29 125 0 8 0.531
 26  29 0 8 0.529
 48  74 0 8 0.525
 58  65 0 8 0.525
133 201 0 8 0.523
204 227 0 8 0.522
301 310 0 8 0.522
 67 150 0 8 0.522
301 306 0 8 0.521
363 399 0 8 0.521
306 413 0 8 0.520
154 178 0 8 0.519
355 381 0 8 0.518
 35 186 0 8 0.518
209 213 0 8 0.518
 20  25 0 8 0.517
204 278 0 8 0.517
166 313 0 8 0.516
236 313 0 8 0.516
306 315 0 8 0.514
 70 303 0 8 0.513
209 212 0 8 0.512
129 370 0 8 0.512
420 428 0 8 0.511
 46  49 0 8 0.511
 54 106 0 8 0.511
236 240 0 8 0.511
257 316 0 8 0.510
301 346 0 8 0.510
187 190 0 8 0.509
414 419 0 8 0.509
152 174 0 8 0.509
122 359 0 8 0.509
 84 146 0 8 0.508
182 185 0 8 0.508
409 413 0 8 0.508
 47 125 0 8 0.508
305 309 0 8 0.506
 52 119 0 8 0.505
319 323 0 8 0.505
295 317 0 8 0.505
112 115 0 8 0.505
106 146 0 8 0.503
253 396 0 8 0.502
161 352 0 8 0.501
124 415 0 8 0.501
291 373 0 8 0.500
 94 102 0 8 0.500
