RaptorX-Contact
281 327 0 8 0.9997965
285 327 0 8 0.9996520
281 330 0 8 0.9994386
106 141 0 8 0.9994151
284 327 0 8 0.9992777
288 323 0 8 0.9992367
284 323 0 8 0.9992351
124 147 0 8 0.9987993
284 326 0 8 0.9978777
277 330 0 8 0.9975685
288 320 0 8 0.9974914
123 147 0 8 0.9971069
123 146 0 8 0.9970533
352 404 0 8 0.9968325
374 381 0 8 0.9967052
280 330 0 8 0.9966829
281 331 0 8 0.9963586
123 144 0 8 0.9962054
373 382 0 8 0.9957822
122 145 0 8 0.9955219
231 263 0 8 0.9953383
125 148 0 8 0.9951199
240 294 0 8 0.9945418
58 124 0 8 0.9939669
106 142 0 8 0.9937098
135 146 0 8 0.9935774
184 238 0 8 0.9932837
199 226 0 8 0.9931301
373 380 0 8 0.9928781
59 125 0 8 0.9928523
260 290 0 8 0.9927197
228 282 0 8 0.9926060
139 146 0 8 0.9925144
122 147 0 8 0.9922433
125 146 0 8 0.9921858
374 383 0 8 0.9921276
123 145 0 8 0.9919195
106 138 0 8 0.9919106
59 123 0 8 0.9914533
235 263 0 8 0.9912074
288 324 0 8 0.9909360
351 405 0 8 0.9907889
57 123 0 8 0.9905369
372 383 0 8 0.9900006
353 403 0 8 0.9899423
125 147 0 8 0.9898905
109 142 0 8 0.9895678
232 286 0 8 0.9892861
138 146 0 8 0.9892525
236 290 0 8 0.9890005
184 241 0 8 0.9888677
232 263 0 8 0.9887999
59 124 0 8 0.9885330
291 320 0 8 0.9881952
127 149 0 8 0.9879754
373 381 0 8 0.9869934
70 153 0 8 0.9861348
261 287 0 8 0.9860316
287 323 0 8 0.9859629
260 287 0 8 0.9857841
57 124 0 8 0.9855631
73 153 0 8 0.9854633
56 122 0 8 0.9840829
264 286 0 8 0.9838805
237 293 0 8 0.9838215
259 290 0 8 0.9823407
292 320 0 8 0.9817809
264 283 0 8 0.9817539
228 286 0 8 0.9817412
126 149 0 8 0.9814230
229 286 0 8 0.9812751
285 324 0 8 0.9810747
102 133 0 8 0.9810302
350 406 0 8 0.9803583
277 334 0 8 0.9799957
225 282 0 8 0.9790815
373 383 0 8 0.9790255
277 333 0 8 0.9769651
121 144 0 8 0.9764144
235 259 0 8 0.9756404
374 380 0 8 0.9752984
236 259 0 8 0.9749485
232 290 0 8 0.9747146
295 412 0 8 0.9744681
268 283 0 8 0.9744236
239 259 0 8 0.9741607
231 267 0 8 0.9731664
351 403 0 8 0.9725538
15 48 0 8 0.9720099
352 403 0 8 0.9719183
268 279 0 8 0.9693329
191 233 0 8 0.9692557
188 237 0 8 0.9689121
206 218 0 8 0.9687098
351 404 0 8 0.9684022
122 144 0 8 0.9678313
84 105 0 8 0.9671175
56 124 0 8 0.9670279
253 316 0 8 0.9663961
202 225 0 8 0.9656697
357 400 0 8 0.9656184
264 287 0 8 0.9648076
57 122 0 8 0.9647262
354 402 0 8 0.9642702
309 415 0 8 0.9639894
256 291 0 8 0.9636565
58 79 0 8 0.9635408
127 150 0 8 0.9631661
60 66 0 8 0.9626762
180 242 0 8 0.9614799
125 149 0 8 0.9614254
187 237 0 8 0.9611518
121 145 0 8 0.9590967
259 294 0 8 0.9586857
228 283 0 8 0.9574005
102 138 0 8 0.9568425
135 148 0 8 0.9557396
233 289 0 8 0.9550105
359 400 0 8 0.9545106
14 47 0 8 0.9541937
195 233 0 8 0.9537501
372 382 0 8 0.9518355
105 133 0 8 0.9514757
47 80 0 8 0.9509187
263 286 0 8 0.9505735
207 218 0 8 0.9505668
188 234 0 8 0.9504994
127 148 0 8 0.9498810
256 294 0 8 0.9497440
228 267 0 8 0.9497250
203 218 0 8 0.9496864
278 331 0 8 0.9482392
263 290 0 8 0.9482186
191 293 0 8 0.9481098
94 129 0 8 0.9475070
103 141 0 8 0.9472162
53 119 0 8 0.9463191
49 78 0 8 0.9462093
17 48 0 8 0.9459951
233 290 0 8 0.9459081
267 286 0 8 0.9455321
285 323 0 8 0.9451854
126 151 0 8 0.9433776
350 405 0 8 0.9432372
240 259 0 8 0.9430414
309 412 0 8 0.9426553
365 380 0 8 0.9421123
284 330 0 8 0.9413387
257 291 0 8 0.9410925
184 237 0 8 0.9399394
357 402 0 8 0.9396265
350 409 0 8 0.9396232
77 160 0 8 0.9394819
15 47 0 8 0.9391074
102 137 0 8 0.9386221
349 385 0 8 0.9383160
195 229 0 8 0.9378781
77 157 0 8 0.9374946
202 226 0 8 0.9349975
268 282 0 8 0.9343603
33 186 0 8 0.9336553
159 166 0 8 0.9330721
235 260 0 8 0.9326078
232 260 0 8 0.9321374
353 402 0 8 0.9311867
60 126 0 8 0.9310728
187 297 0 8 0.9310017
102 132 0 8 0.9308206
187 296 0 8 0.9302269
235 290 0 8 0.9285315
48 79 0 8 0.9283243
58 81 0 8 0.9282473
58 70 0 8 0.9281459
57 120 0 8 0.9280984
124 149 0 8 0.9279483
206 221 0 8 0.9276082
357 401 0 8 0.9267187
105 129 0 8 0.9239162
45 82 0 8 0.9237367
102 129 0 8 0.9228561
101 129 0 8 0.9212046
59 82 0 8 0.9199777
296 412 0 8 0.9171684
49 79 0 8 0.9149667
180 241 0 8 0.9140638
265 283 0 8 0.9133360
56 160 0 8 0.9133084
365 373 0 8 0.9131886
191 237 0 8 0.9127340
313 415 0 8 0.9127117
227 267 0 8 0.9121212
365 375 0 8 0.9118426
46 81 0 8 0.9116985
50 78 0 8 0.9116205
177 242 0 8 0.9112788
195 230 0 8 0.9111971
232 289 0 8 0.9109663
203 222 0 8 0.9096346
198 289 0 8 0.9096110
224 271 0 8 0.9095635
362 375 0 8 0.9090446
105 138 0 8 0.9085472
54 119 0 8 0.9083718
267 282 0 8 0.9081243
231 286 0 8 0.9080697
260 291 0 8 0.9075788
152 173 0 8 0.9075779
207 213 0 8 0.9075129
60 70 0 8 0.9073401
57 80 0 8 0.9064689
57 118 0 8 0.9054166
343 387 0 8 0.9050153
58 80 0 8 0.9042848
30 65 0 8 0.9034947
292 416 0 8 0.9031174
60 83 0 8 0.9030543
56 79 0 8 0.9029499
310 415 0 8 0.9022126
360 375 0 8 0.9006028
359 399 0 8 0.9002081
44 83 0 8 0.8998952
139 145 0 8 0.8996238
254 319 0 8 0.8995720
181 242 0 8 0.8993869
74 153 0 8 0.8985312
43 108 0 8 0.8982089
166 365 0 8 0.8980258
231 264 0 8 0.8971852
100 129 0 8 0.8971692
278 334 0 8 0.8959320
202 222 0 8 0.8956676
296 413 0 8 0.8950140
271 279 0 8 0.8947393
32 186 0 8 0.8943520
57 79 0 8 0.8943025
183 241 0 8 0.8938409
206 222 0 8 0.8937864
249 255 0 8 0.8936929
371 383 0 8 0.8936926
57 82 0 8 0.8921862
349 406 0 8 0.8918695
69 153 0 8 0.8902531
17 73 0 8 0.8888381
251 312 0 8 0.8883877
306 415 0 8 0.8882030
58 156 0 8 0.8878766
307 348 0 8 0.8878208
74 156 0 8 0.8866698
247 255 0 8 0.8866128
277 331 0 8 0.8865110
32 189 0 8 0.8862705
125 133 0 8 0.8860264
257 319 0 8 0.8852398
123 138 0 8 0.8847743
70 81 0 8 0.8840685
110 142 0 8 0.8795837
58 82 0 8 0.8794688
41 89 0 8 0.8794608
353 380 0 8 0.8781962
241 297 0 8 0.8780555
102 131 0 8 0.8760953
151 173 0 8 0.8755895
291 316 0 8 0.8753677
343 386 0 8 0.8750529
360 380 0 8 0.8741890
233 293 0 8 0.8732690
191 296 0 8 0.8728867
15 81 0 8 0.8721234
237 294 0 8 0.8707534
307 349 0 8 0.8706740
347 386 0 8 0.8691264
271 282 0 8 0.8690639
7 117 0 8 0.8675209
354 403 0 8 0.8674958
127 151 0 8 0.8660861
128 151 0 8 0.8653938
224 282 0 8 0.8647177
195 289 0 8 0.8643649
73 154 0 8 0.8630075
93 100 0 8 0.8625509
99 129 0 8 0.8624870
44 82 0 8 0.8617252
295 313 0 8 0.8615934
237 290 0 8 0.8613379
48 74 0 8 0.8613037
105 125 0 8 0.8612772
77 156 0 8 0.8612346
309 411 0 8 0.8600001
43 112 0 8 0.8593618
46 80 0 8 0.8591532
256 290 0 8 0.8590952
60 125 0 8 0.8590179
17 74 0 8 0.8585203
228 264 0 8 0.8578731
236 293 0 8 0.8578622
244 298 0 8 0.8578429
55 120 0 8 0.8570888
135 363 0 8 0.8564072
263 287 0 8 0.8562068
9 117 0 8 0.8555257
253 319 0 8 0.8551329
155 170 0 8 0.8547577
45 81 0 8 0.8542225
199 229 0 8 0.8539225
229 289 0 8 0.8530047
28 65 0 8 0.8529965
360 379 0 8 0.8528068
231 266 0 8 0.8503512
131 307 0 8 0.8497036
311 348 0 8 0.8473769
343 384 0 8 0.8465973
45 117 0 8 0.8456936
102 134 0 8 0.8453948
14 49 0 8 0.8451253
346 386 0 8 0.8449990
358 402 0 8 0.8449410
288 327 0 8 0.8444384
19 73 0 8 0.8431777
150 173 0 8 0.8423687
353 382 0 8 0.8415483
56 120 0 8 0.8413885
27 65 0 8 0.8406597
307 350 0 8 0.8399888
240 297 0 8 0.8380091
60 82 0 8 0.8366730
61 84 0 8 0.8366356
27 64 0 8 0.8366131
370 389 0 8 0.8364384
257 323 0 8 0.8363961
131 306 0 8 0.8363872
252 301 0 8 0.8359049
60 84 0 8 0.8350052
183 297 0 8 0.8338793
257 287 0 8 0.8336626
109 123 0 8 0.8336372
45 83 0 8 0.8336053
12 47 0 8 0.8330073
227 271 0 8 0.8329962
232 287 0 8 0.8327281
344 386 0 8 0.8322236
43 85 0 8 0.8313240
240 255 0 8 0.8299514
251 316 0 8 0.8298703
360 378 0 8 0.8295940
51 80 0 8 0.8295705
358 380 0 8 0.8282636
291 319 0 8 0.8274162
26 64 0 8 0.8272822
172 370 0 8 0.8271050
166 366 0 8 0.8267922
295 416 0 8 0.8267477
56 123 0 8 0.8263926
240 290 0 8 0.8257074
187 300 0 8 0.8254384
56 80 0 8 0.8252612
120 144 0 8 0.8251432
187 241 0 8 0.8234156
306 406 0 8 0.8220137
224 279 0 8 0.8210464
58 74 0 8 0.8210441
43 84 0 8 0.8206760
282 327 0 8 0.8206165
110 141 0 8 0.8200072
300 412 0 8 0.8198484
151 159 0 8 0.8198044
251 315 0 8 0.8192834
55 79 0 8 0.8192403
126 150 0 8 0.8191712
313 416 0 8 0.8184997
19 69 0 8 0.8183692
190 296 0 8 0.8181201
198 229 0 8 0.8179162
51 78 0 8 0.8172935
49 77 0 8 0.8168935
395 403 0 8 0.8163600
48 80 0 8 0.8162740
55 78 0 8 0.8160970
418 425 0 8 0.8154320
278 330 0 8 0.8153244
233 286 0 8 0.8145027
17 75 0 8 0.8138918
198 285 0 8 0.8136430
284 324 0 8 0.8132526
89 100 0 8 0.8131413
273 279 0 8 0.8128880
61 126 0 8 0.8126773
236 294 0 8 0.8116488
308 348 0 8 0.8116071
253 291 0 8 0.8109004
54 120 0 8 0.8108282
33 189 0 8 0.8103696
9 116 0 8 0.8101330
51 57 0 8 0.8094267
299 412 0 8 0.8091191
202 229 0 8 0.8087637
247 258 0 8 0.8073254
345 386 0 8 0.8068925
60 81 0 8 0.8063171
252 294 0 8 0.8062587
259 291 0 8 0.8059830
47 79 0 8 0.8057166
86 100 0 8 0.8047504
31 186 0 8 0.8045822
44 84 0 8 0.8045278
313 419 0 8 0.8040948
260 286 0 8 0.8031946
48 81 0 8 0.8025640
15 41 0 8 0.8023266
303 389 0 8 0.8010958
267 283 0 8 0.8007105
43 109 0 8 0.8006111
306 411 0 8 0.8002694
118 144 0 8 0.8000199
56 121 0 8 0.7991118
253 320 0 8 0.7988542
43 83 0 8 0.7983890
102 141 0 8 0.7983263
13 47 0 8 0.7957427
171 370 0 8 0.7944356
354 404 0 8 0.7937399
240 293 0 8 0.7931319
255 294 0 8 0.7926636
354 401 0 8 0.7924057
32 185 0 8 0.7913921
206 213 0 8 0.7912732
44 112 0 8 0.7912720
41 88 0 8 0.7891920
15 46 0 8 0.7889528
373 403 0 8 0.7888299
48 78 0 8 0.7888113
147 164 0 8 0.7883956
48 77 0 8 0.7870986
12 45 0 8 0.7869368
232 264 0 8 0.7841755
58 126 0 8 0.7838579
101 131 0 8 0.7828197
227 270 0 8 0.7825895
351 382 0 8 0.7818379
56 77 0 8 0.7817302
148 363 0 8 0.7813042
194 292 0 8 0.7811263
46 83 0 8 0.7809424
361 375 0 8 0.7766240
295 316 0 8 0.7766151
224 278 0 8 0.7765183
53 118 0 8 0.7764518
187 293 0 8 0.7761378
168 371 0 8 0.7754097
9 112 0 8 0.7744788
55 80 0 8 0.7734827
229 282 0 8 0.7731832
16 48 0 8 0.7728619
48 73 0 8 0.7704010
59 84 0 8 0.7695859
361 380 0 8 0.7695463
359 379 0 8 0.7695461
417 423 0 8 0.7693998
66 153 0 8 0.7687309
124 164 0 8 0.7674916
358 400 0 8 0.7671754
194 289 0 8 0.7659453
19 72 0 8 0.7656778
305 350 0 8 0.7653406
165 366 0 8 0.7648961
305 349 0 8 0.7642688
18 75 0 8 0.7640536
244 297 0 8 0.7638310
244 255 0 8 0.7627409
74 157 0 8 0.7624215
5 45 0 8 0.7616848
353 373 0 8 0.7603196
59 126 0 8 0.7586318
56 164 0 8 0.7582592
45 112 0 8 0.7580107
46 82 0 8 0.7563753
254 316 0 8 0.7556534
109 117 0 8 0.7547724
87 99 0 8 0.7545135
57 114 0 8 0.7542061
243 259 0 8 0.7538776
67 81 0 8 0.7536514
215 336 0 8 0.7533681
55 121 0 8 0.7528781
82 112 0 8 0.7511047
295 413 0 8 0.7509646
180 245 0 8 0.7509211
130 305 0 8 0.7506154
306 350 0 8 0.7503420
159 170 0 8 0.7502586
221 278 0 8 0.7499651
202 285 0 8 0.7488365
18 73 0 8 0.7487999
41 87 0 8 0.7485628
252 312 0 8 0.7480867
40 87 0 8 0.7476975
181 238 0 8 0.7465516
55 118 0 8 0.7461812
131 305 0 8 0.7458335
236 260 0 8 0.7455249
89 389 0 8 0.7452546
15 49 0 8 0.7448965
304 411 0 8 0.7440484
131 396 0 8 0.7433220
224 274 0 8 0.7429146
288 319 0 8 0.7420254
118 142 0 8 0.7415284
206 225 0 8 0.7407185
203 226 0 8 0.7400076
5 47 0 8 0.7399367
47 81 0 8 0.7393113
348 385 0 8 0.7368116
228 279 0 8 0.7363615
235 262 0 8 0.7355203
52 78 0 8 0.7350652
27 66 0 8 0.7339090
132 396 0 8 0.7337017
300 411 0 8 0.7334979
45 114 0 8 0.7330899
151 170 0 8 0.7329935
303 309 0 8 0.7329106
389 409 0 8 0.7323109
93 99 0 8 0.7320862
56 78 0 8 0.7318754
414 427 0 8 0.7315819
236 263 0 8 0.7309824
106 137 0 8 0.7308393
138 144 0 8 0.7288077
62 85 0 8 0.7279640
63 83 0 8 0.7279240
295 301 0 8 0.7264025
183 300 0 8 0.7261440
9 113 0 8 0.7249863
45 80 0 8 0.7247531
347 385 0 8 0.7228776
184 242 0 8 0.7228338
264 290 0 8 0.7223909
300 410 0 8 0.7223729
125 135 0 8 0.7221242
147 159 0 8 0.7216142
134 396 0 8 0.7208362
232 259 0 8 0.7208189
122 146 0 8 0.7207539
173 370 0 8 0.7192749
359 378 0 8 0.7191250
299 410 0 8 0.7181700
171 369 0 8 0.7179688
27 69 0 8 0.7171170
159 165 0 8 0.7160871
28 182 0 8 0.7157116
351 406 0 8 0.7152975
126 148 0 8 0.7148960
14 50 0 8 0.7148765
237 297 0 8 0.7135376
158 167 0 8 0.7133425
244 294 0 8 0.7131591
15 79 0 8 0.7129961
292 413 0 8 0.7117472
105 131 0 8 0.7109718
5 14 0 8 0.7092230
228 263 0 8 0.7089450
418 428 0 8 0.7082685
14 48 0 8 0.7072772
84 108 0 8 0.7072048
395 405 0 8 0.7068849
349 389 0 8 0.7059064
94 130 0 8 0.7048360
30 186 0 8 0.7048041
348 386 0 8 0.7034199
418 424 0 8 0.7027640
239 263 0 8 0.7026443
15 45 0 8 0.7019523
53 120 0 8 0.7014679
261 286 0 8 0.7009648
173 302 0 8 0.7005018
129 148 0 8 0.7001635
239 262 0 8 0.6977699
215 335 0 8 0.6976604
229 285 0 8 0.6975173
114 142 0 8 0.6970543
313 412 0 8 0.6965650
372 384 0 8 0.6962186
82 109 0 8 0.6961455
7 116 0 8 0.6960232
372 387 0 8 0.6948822
292 412 0 8 0.6938009
261 283 0 8 0.6930643
15 70 0 8 0.6930241
136 363 0 8 0.6922041
15 74 0 8 0.6915988
94 100 0 8 0.6912903
173 179 0 8 0.6898543
414 428 0 8 0.6896011
202 328 0 8 0.6895080
186 300 0 8 0.6882823
295 320 0 8 0.6882719
257 320 0 8 0.6880273
250 312 0 8 0.6866649
188 238 0 8 0.6866159
39 64 0 8 0.6866105
352 405 0 8 0.6860859
61 127 0 8 0.6859711
261 290 0 8 0.6853936
277 337 0 8 0.6830405
372 388 0 8 0.6824663
49 80 0 8 0.6824657
192 233 0 8 0.6821458
132 392 0 8 0.6819115
252 295 0 8 0.6812594
264 282 0 8 0.6808821
249 258 0 8 0.6807908
281 328 0 8 0.6799699
236 256 0 8 0.6798135
228 285 0 8 0.6780610
365 371 0 8 0.6766046
201 285 0 8 0.6765410
58 77 0 8 0.6755494
132 393 0 8 0.6752849
291 323 0 8 0.6745629
107 141 0 8 0.6745051
131 393 0 8 0.6729724
307 386 0 8 0.6723039
296 410 0 8 0.6719239
10 112 0 8 0.6713154
94 102 0 8 0.6711119
218 335 0 8 0.6705757
240 256 0 8 0.6705571
257 290 0 8 0.6699920
163 362 0 8 0.6699703
58 160 0 8 0.6698670
349 386 0 8 0.6693472
353 404 0 8 0.6681747
73 157 0 8 0.6675749
158 166 0 8 0.6674106
375 381 0 8 0.6673663
131 392 0 8 0.6672013
218 332 0 8 0.6653777
164 366 0 8 0.6653167
295 317 0 8 0.6641075
164 362 0 8 0.6640042
358 379 0 8 0.6639295
43 89 0 8 0.6628693
93 129 0 8 0.6624261
100 128 0 8 0.6623902
148 396 0 8 0.6617898
30 89 0 8 0.6617349
213 335 0 8 0.6615186
60 67 0 8 0.6611108
84 100 0 8 0.6602971
389 408 0 8 0.6590643
103 137 0 8 0.6589411
298 412 0 8 0.6589125
188 233 0 8 0.6573671
155 169 0 8 0.6571060
31 183 0 8 0.6568018
29 35 0 8 0.6566812
57 117 0 8 0.6558177
94 128 0 8 0.6557236
253 312 0 8 0.6554502
70 79 0 8 0.6550308
52 119 0 8 0.6545615
130 306 0 8 0.6537516
281 326 0 8 0.6536129
124 148 0 8 0.6532013
224 267 0 8 0.6531706
351 385 0 8 0.6506078
299 411 0 8 0.6504316
306 409 0 8 0.6503880
349 407 0 8 0.6503201
41 85 0 8 0.6501346
184 297 0 8 0.6500567
21 178 0 8 0.6495109
42 85 0 8 0.6495003
171 368 0 8 0.6492677
106 133 0 8 0.6491529
192 230 0 8 0.6491240
109 138 0 8 0.6487499
303 370 0 8 0.6483678
190 300 0 8 0.6481295
51 79 0 8 0.6479374
119 143 0 8 0.6478429
149 367 0 8 0.6474361
61 125 0 8 0.6472690
26 63 0 8 0.6458008
395 407 0 8 0.6434860
414 426 0 8 0.6432121
275 334 0 8 0.6431441
54 121 0 8 0.6425081
362 380 0 8 0.6424310
58 73 0 8 0.6417111
51 118 0 8 0.6417020
31 185 0 8 0.6416188
150 171 0 8 0.6412475
32 188 0 8 0.6407503
42 112 0 8 0.6406263
417 426 0 8 0.6404645
48 70 0 8 0.6402635
57 81 0 8 0.6394714
359 380 0 8 0.6394349
9 111 0 8 0.6392931
191 292 0 8 0.6384151
263 289 0 8 0.6375487
352 406 0 8 0.6374599
252 298 0 8 0.6372364
165 365 0 8 0.6368860
253 295 0 8 0.6362260
417 425 0 8 0.6358292
5 373 0 8 0.6349599
173 369 0 8 0.6341738
88 100 0 8 0.6340957
117 142 0 8 0.6340066
243 255 0 8 0.6335668
272 279 0 8 0.6331102
5 12 0 8 0.6317697
414 425 0 8 0.6312751
128 148 0 8 0.6310254
301 411 0 8 0.6308354
86 99 0 8 0.6303440
168 370 0 8 0.6303089
43 105 0 8 0.6300915
86 133 0 8 0.6300021
47 82 0 8 0.6299201
8 117 0 8 0.6295709
228 271 0 8 0.6290240
95 129 0 8 0.6289816
361 398 0 8 0.6288540
53 117 0 8 0.6276295
301 309 0 8 0.6271858
212 335 0 8 0.6270682
151 166 0 8 0.6265680
171 371 0 8 0.6261478
55 122 0 8 0.6257663
370 388 0 8 0.6253475
130 304 0 8 0.6252263
191 234 0 8 0.6245154
132 307 0 8 0.6237689
27 63 0 8 0.6234522
345 351 0 8 0.6230429
155 173 0 8 0.6215131
260 294 0 8 0.6210901
247 254 0 8 0.6209230
271 278 0 8 0.6208969
49 74 0 8 0.6198015
305 348 0 8 0.6190252
44 85 0 8 0.6188756
288 321 0 8 0.6188157
364 394 0 8 0.6187392
102 130 0 8 0.6182424
90 100 0 8 0.6177095
88 99 0 8 0.6176469
8 116 0 8 0.6167110
148 367 0 8 0.6165208
15 67 0 8 0.6164116
95 131 0 8 0.6162723
172 371 0 8 0.6161107
349 409 0 8 0.6160735
164 365 0 8 0.6159830
57 121 0 8 0.6157921
31 182 0 8 0.6156342
252 303 0 8 0.6155865
253 315 0 8 0.6151415
94 101 0 8 0.6147693
123 135 0 8 0.6144668
51 117 0 8 0.6141913
62 86 0 8 0.6135201
118 143 0 8 0.6126240
277 339 0 8 0.6120859
249 312 0 8 0.6118306
42 108 0 8 0.6117119
55 119 0 8 0.6111100
12 321 0 8 0.6109169
380 403 0 8 0.6108688
92 100 0 8 0.6107334
33 190 0 8 0.6103360
41 83 0 8 0.6099526
364 398 0 8 0.6094210
174 302 0 8 0.6093545
76 157 0 8 0.6091176
61 83 0 8 0.6088811
418 427 0 8 0.6086584
360 377 0 8 0.6085835
349 408 0 8 0.6083995
17 70 0 8 0.6081462
305 411 0 8 0.6077734
224 273 0 8 0.6074024
191 289 0 8 0.6066713
12 112 0 8 0.6066064
301 410 0 8 0.6063882
28 66 0 8 0.6062995
12 80 0 8 0.6062067
389 407 0 8 0.6054221
344 387 0 8 0.6052124
421 428 0 8 0.6038315
123 142 0 8 0.6037894
41 108 0 8 0.6035905
256 295 0 8 0.6014860
52 118 0 8 0.6013739
418 426 0 8 0.6010575
175 183 0 8 0.5996699
5 117 0 8 0.5994022
16 75 0 8 0.5982509
317 419 0 8 0.5978593
12 82 0 8 0.5973772
268 286 0 8 0.5972877
45 84 0 8 0.5957028
61 86 0 8 0.5955758
345 384 0 8 0.5947491
150 367 0 8 0.5921662
90 390 0 8 0.5914185
54 118 0 8 0.5910075
7 47 0 8 0.5905905
129 305 0 8 0.5901780
62 84 0 8 0.5900366
42 87 0 8 0.5896611
308 349 0 8 0.5893698
150 172 0 8 0.5890115
146 363 0 8 0.5883803
195 226 0 8 0.5879686
394 403 0 8 0.5877578
395 402 0 8 0.5876619
51 120 0 8 0.5876216
363 396 0 8 0.5876005
114 121 0 8 0.5874571
281 329 0 8 0.5874453
303 405 0 8 0.5871805
119 144 0 8 0.5868468
241 294 0 8 0.5864568
127 133 0 8 0.5860902
300 409 0 8 0.5860689
150 170 0 8 0.5857982
94 131 0 8 0.5857020
234 263 0 8 0.5855023
155 166 0 8 0.5849787
91 100 0 8 0.5844364
128 150 0 8 0.5844170
341 387 0 8 0.5837375
158 170 0 8 0.5834132
90 99 0 8 0.5822798
213 221 0 8 0.5820590
89 105 0 8 0.5820456
360 376 0 8 0.5818328
171 302 0 8 0.5817567
30 185 0 8 0.5809814
43 111 0 8 0.5807292
43 88 0 8 0.5807195
215 332 0 8 0.5802488
152 174 0 8 0.5797266
19 28 0 8 0.5796995
304 412 0 8 0.5791886
306 408 0 8 0.5791847
306 349 0 8 0.5791838
149 166 0 8 0.5781857
127 304 0 8 0.5774736
342 387 0 8 0.5772972
7 375 0 8 0.5770690
87 100 0 8 0.5768534
368 391 0 8 0.5767239
171 366 0 8 0.5766241
382 388 0 8 0.5763086
360 398 0 8 0.5758632
349 405 0 8 0.5753423
359 375 0 8 0.5751793
10 111 0 8 0.5745032
304 410 0 8 0.5742871
203 219 0 8 0.5741008
372 385 0 8 0.5739949
28 69 0 8 0.5721798
73 156 0 8 0.5720729
78 423 0 8 0.5717194
302 411 0 8 0.5714163
61 85 0 8 0.5709772
367 393 0 8 0.5708143
87 302 0 8 0.5702907
19 182 0 8 0.5702522
61 128 0 8 0.5701582
358 364 0 8 0.5690805
13 46 0 8 0.5689404
41 86 0 8 0.5682064
268 280 0 8 0.5681605
95 130 0 8 0.5680369
114 123 0 8 0.5675623
350 408 0 8 0.5670814
251 313 0 8 0.5669549
259 293 0 8 0.5665410
130 307 0 8 0.5663142
124 159 0 8 0.5661104
5 375 0 8 0.5655624
24 69 0 8 0.5654693
58 123 0 8 0.5652179
159 366 0 8 0.5650262
306 428 0 8 0.5649747
303 411 0 8 0.5645368
89 99 0 8 0.5645239
34 189 0 8 0.5641294
199 230 0 8 0.5640848
82 114 0 8 0.5640443
253 294 0 8 0.5632595
206 331 0 8 0.5630797
86 101 0 8 0.5623660
365 372 0 8 0.5622495
133 396 0 8 0.5617126
223 271 0 8 0.5613925
281 334 0 8 0.5610018
60 127 0 8 0.5608294
101 132 0 8 0.5605427
307 347 0 8 0.5604817
65 186 0 8 0.5596746
351 373 0 8 0.5595203
136 146 0 8 0.5590674
241 298 0 8 0.5590335
128 149 0 8 0.5590297
61 129 0 8 0.5579718
13 45 0 8 0.5577986
232 267 0 8 0.5576726
360 399 0 8 0.5564433
23 64 0 8 0.5561892
13 81 0 8 0.5560988
90 98 0 8 0.5551509
4 14 0 8 0.5550043
42 88 0 8 0.5549873
58 125 0 8 0.5547467
206 217 0 8 0.5541560
236 291 0 8 0.5537040
26 39 0 8 0.5533161
59 81 0 8 0.5523775
172 369 0 8 0.5512800
155 167 0 8 0.5507454
302 370 0 8 0.5497131
9 318 0 8 0.5490683
36 186 0 8 0.5487929
59 83 0 8 0.5479214
93 128 0 8 0.5478448
132 305 0 8 0.5476936
35 186 0 8 0.5475109
3 14 0 8 0.5474190
301 408 0 8 0.5473416
240 298 0 8 0.5472435
252 316 0 8 0.5467275
224 275 0 8 0.5463235
152 170 0 8 0.5446570
179 342 0 8 0.5435683
390 408 0 8 0.5435660
7 112 0 8 0.5424013
149 170 0 8 0.5413672
362 373 0 8 0.5408056
390 409 0 8 0.5408024
292 317 0 8 0.5394803
171 365 0 8 0.5392123
65 183 0 8 0.5390275
302 389 0 8 0.5390033
150 414 0 8 0.5388203
28 63 0 8 0.5385985
177 246 0 8 0.5385069
130 373 0 8 0.5381396
119 142 0 8 0.5375292
232 261 0 8 0.5374124
149 171 0 8 0.5373714
63 85 0 8 0.5372596
28 34 0 8 0.5366391
295 312 0 8 0.5360689
59 109 0 8 0.5356306
28 64 0 8 0.5355037
39 87 0 8 0.5353760
203 223 0 8 0.5352644
13 80 0 8 0.5350406
417 428 0 8 0.5349562
361 394 0 8 0.5344554
9 114 0 8 0.5332178
117 144 0 8 0.5331838
121 143 0 8 0.5323412
345 385 0 8 0.5322877
305 351 0 8 0.5316562
202 282 0 8 0.5315906
159 167 0 8 0.5315759
181 241 0 8 0.5312943
248 255 0 8 0.5311809
86 105 0 8 0.5309946
19 179 0 8 0.5309295
120 143 0 8 0.5308402
231 260 0 8 0.5305036
363 397 0 8 0.5304882
10 318 0 8 0.5303433
305 408 0 8 0.5293366
366 373 0 8 0.5291383
130 392 0 8 0.5290568
49 76 0 8 0.5287581
389 405 0 8 0.5286860
8 379 0 8 0.5280740
243 258 0 8 0.5273678
374 382 0 8 0.5272229
52 120 0 8 0.5271018
14 80 0 8 0.5270561
300 309 0 8 0.5268701
180 246 0 8 0.5261071
391 405 0 8 0.5247864
310 419 0 8 0.5240871
405 411 0 8 0.5236998
231 270 0 8 0.5234542
244 252 0 8 0.5217931
124 146 0 8 0.5210258
129 304 0 8 0.5203755
101 130 0 8 0.5203163
199 222 0 8 0.5202808
358 398 0 8 0.5201908
303 312 0 8 0.5201827
301 412 0 8 0.5200118
245 298 0 8 0.5195512
12 318 0 8 0.5186582
163 359 0 8 0.5186024
90 389 0 8 0.5174969
48 57 0 8 0.5172055
132 395 0 8 0.5170585
62 83 0 8 0.5165197
224 272 0 8 0.5162383
205 331 0 8 0.5157340
66 83 0 8 0.5151593
299 409 0 8 0.5151350
254 315 0 8 0.5151077
4 13 0 8 0.5150664
7 14 0 8 0.5148519
75 157 0 8 0.5147908
158 164 0 8 0.5147353
202 331 0 8 0.5145394
394 402 0 8 0.5138954
44 114 0 8 0.5133827
368 394 0 8 0.5131109
60 129 0 8 0.5128934
25 64 0 8 0.5124503
225 278 0 8 0.5120785
125 138 0 8 0.5112505
305 406 0 8 0.5111893
367 394 0 8 0.5110937
92 98 0 8 0.5106036
365 374 0 8 0.5098004
364 391 0 8 0.5097527
4 11 0 8 0.5094791
165 362 0 8 0.5092418
5 381 0 8 0.5090668
224 270 0 8 0.5087948
207 214 0 8 0.5086662
91 128 0 8 0.5084364
127 303 0 8 0.5081739
360 397 0 8 0.5079584
5 11 0 8 0.5079010
390 410 0 8 0.5078681
359 398 0 8 0.5072738
273 282 0 8 0.5068507
354 400 0 8 0.5067405
306 410 0 8 0.5065659
91 129 0 8 0.5061414
300 408 0 8 0.5057637
27 35 0 8 0.5053809
41 105 0 8 0.5049872
45 109 0 8 0.5047827
46 59 0 8 0.5045376
225 279 0 8 0.5040757
214 335 0 8 0.5034813
62 126 0 8 0.5032167
306 407 0 8 0.5030357
301 409 0 8 0.5027452
29 65 0 8 0.5026092
82 108 0 8 0.5018850
344 388 0 8 0.5011756
10 113 0 8 0.5011107
363 398 0 8 0.5010365
45 59 0 8 0.5006792
147 366 0 8 0.5004924
358 399 0 8 0.5004781
65 83 0 8 0.5004100
